i : 0 | -2.69696  | 
i : 1 | -2.81898  | -0.27455  | 
i : 2 | -2.62336  |  0.44015  |  0.80403  | 
i : 3 | -2.32741  |  0.66588  |  0.25395  | -0.41256  | 
i : 4 | -2.08191  |  0.55236  | -0.12771  | -0.28625  |  0.07105  | 
i : 5 | -1.94309  |  0.31236  | -0.27000  | -0.10672  |  0.10098  |  0.01347  | 
i : 6 | -1.85053  |  0.20825  | -0.11712  |  0.11466  |  0.12452  |  0.01059  | -0.00108  | 
i : 7 | -1.61200  |  0.53670  |  0.36950  |  0.36497  |  0.14080  |  0.00732  | -0.00123  | -0.00005  | 
i : 8 | -0.89160  |  1.62089  |  1.21971  |  0.63766  |  0.15339  |  0.00567  | -0.00062  |  0.00019  |  0.00007  | 
i : 9 |  0.80676  |  3.82133  |  2.47549  |  0.94183  |  0.17110  |  0.00797  |  0.00086  |  0.00048  |  0.00008  |  0.00000  | 
